$ 1 0.000005 2.688763906446752 54 5 50 5e-11
r 432 496 432 592 0 220
162 432 592 432 672 2 1N4004 1 0 0 0.01
t 528 416 592 416 0 1 1.015541765925e-312 1.991268172307e-312 100 default
w 240 480 128 480 3
g 432 752 432 768 0 0
R 432 368 432 336 0 0 40 5 0 0 0.5
r 368 480 240 480 0 10000
R 0 560 -64 560 0 0 40 3.3 0 0 0.5
s 128 368 432 368 0 0 false
s 0 560 128 480 0 1 false
w 432 672 432 752 3
w 432 464 432 368 3
p 336 592 336 672 1 0 1
w 336 592 432 592 0
w 336 672 432 672 0
w 128 368 128 480 3
t 368 480 432 480 0 -1 4.999971888244313 -5.0999720890843037e-8 100 default
